경기71바            ,080515003408100,24,1036,000.00000,000.00000,0,-4,0,49,43,1054,1.25,23.16,28,00000C87,094967295,0,1567,64,47,9,2504,0,00
경기71바            ,08051500340899,24,1036,000.00000,000.00000,0,-4,0,49,43,1054,1.25,23.16,28,00000C87,094967295,0,1567,64,47,9,2504,0,00
경기71바            ,08051500340898,24,1036,000.00000,000.00000,0,-4,0,49,43,1054,1.25,23.16,28,00000C87,094967295,0,1567,64,47,9,2504,0,00
경기71바            ,08051500340897,24,1036,000.00000,000.00000,0,-4,0,49,43,1054,1.25,23.16,28,00000C87,094967295,0,1567,64,47,9,2504,0,00
경기71바            ,08051500340896,24,1036,000.00000,000.00000,0,-4,0,49,43,1054,1.25,23.16,28,00000C87,094967295,0,1567,64,48,9,2504,0,00
경기71바            ,08051500340895,24,1036,000.00000,000.00000,0,-4,0,49,43,1054,1.25,23.16,28,00000C87,094967295,0,1567,64,48,9,2504,0,00
경기71바            ,08051500340894,24,1036,000.00000,000.00000,0,-4,0,49,43,1054,1.25,23.16,28,00000C87,094967295,0,1567,64,48,9,2504,0,00
경기71바            ,08051500340893,24,1036,000.00000,000.00000,0,-4,0,49,43,1054,1.25,23.16,28,00000C87,094967295,0,1567,64,48,9,2504,0,00
경기71바            ,08051500340892,24,1036,000.00000,000.00000,0,-4,0,49,43,1054,1.25,23.16,28,00000C87,094967295,0,1567,64,48,9,2504,0,00
경기71바            ,08051500340891,24,1036,000.00000,000.00000,0,-4,0,49,43,1054,1.25,23.16,28,00000C87,094967295,0,1567,64,48,9,2504,0,00
