서울74사6776        ,080515000004,680,28,0.00000,0.00000,0,5,-1,-31,-13,1070,1.18,23.23,11,00000007,000001004         ,0,1531,0,-103,-103,0,32,
서울74사6776        ,080515000005,720,28,0.00000,0.00000,0,5,-1,-31,-13,1068,1.18,23.24,11,00000007,000001004         ,0,1531,0,-103,-103,0,32,
서울74사6776        ,080515000006,680,28,0.00000,0.00000,0,5,-1,-30,-14,1070,1.17,23.24,11,00000007,000001004         ,0,1531,0,-102,-102,0,32,
서울74사6776        ,080515000007,700,28,0.00000,0.00000,0,5,-1,-27,-12,1070,1.18,23.23,11,00000007,000001004         ,0,1531,0,-99,-99,1989,32,
서울74사6776        ,080515000008,680,28,0.00000,0.00000,0,4,0,13,22,1070,1.18,23.23,11,00000007,000001004         ,0,1531,0,-59,-59,1989,32,
서울74사6776        ,080515000009,680,28,0.00000,0.00000,0,3,0,18,22,1071,1.20,23.24,11,00000007,000001004         ,0,1531,0,-54,-54,1989,32,
서울74사6776        ,080515000010,700,28,0.00000,0.00000,0,3,0,19,22,1070,1.18,23.19,11,00000007,000001004         ,0,1531,0,-53,-53,1989,32,
서울74사6776        ,080515000011,680,28,0.00000,0.00000,0,3,0,19,22,1070,1.18,23.24,11,00000007,000001004         ,0,1531,0,-53,-53,1989,32,
서울74사6776        ,080515000012,700,28,0.00000,0.00000,0,3,0,19,23,1071,1.20,23.23,11,00000007,000001004         ,0,1531,0,-53,-53,2032,32,
서울74사6776        ,080515000013,680,28,0.00000,0.00000,0,3,0,19,23,1070,1.20,23.23,11,00000007,000001004         ,0,1531,0,-53,-53,2032,32,
서울74사6776        ,080515000014,680,28,0.00000,0.00000,0,3,0,19,22,1070,1.20,23.23,11,00000007,000001004         ,0,1531,0,-53,-53,2032,32,
서울74사6776        ,080515000015,700,28,0.00000,0.00000,0,3,0,19,23,1071,1.24,23.24,11,00000007,000001004         ,0,1531,0,-53,-53,2032,32,
서울74사6776        ,080515000016,680,28,0.00000,0.00000,0,3,0,19,23,1071,1.22,23.24,11,00000007,000001004         ,0,1531,0,-53,-53,2032,32,
서울74사6776        ,080515000017,700,28,0.00000,0.00000,0,3,0,19,23,1071,1.20,23.26,11,00000007,000001004         ,0,1531,0,-53,-53,2032,32,
서울74사6776        ,080515000018,680,28,0.00000,0.00000,0,3,0,19,23,1070,1.17,23.24,11,00000007,000001004         ,0,1531,0,-53,-53,2034,32,
서울74사6776        ,080515000019,680,28,0.00000,0.00000,0,3,0,19,23,1070,1.18,23.26,11,00000007,000001004         ,0,1531,0,-53,-53,2034,32,
서울74사6776        ,080515000020,700,28,0.00000,0.00000,0,3,0,19,23,1070,1.18,23.24,11,00000007,000001004         ,0,1531,0,-53,-53,2034,32,
서울74사6776        ,080515000021,680,28,0.00000,0.00000,0,3,0,19,23,1070,1.15,23.26,11,00000007,000001004         ,0,1531,0,-53,-53,2034,11,
서울74사6776        ,080515000022,680,28,0.00000,0.00000,0,3,0,19,23,1071,1.17,23.23,11,00000007,000001004         ,0,1531,0,-53,-53,2034,11,
서울74사6776        ,080515000023,700,28,0.00000,0.00000,0,3,0,19,23,1071,1.18,23.24,11,00000007,000001004         ,0,1531,0,-53,-53,2035,11,
서울74사6776        ,080515000024,680,28,0.00000,0.00000,0,3,0,19,23,1070,1.20,23.24,11,00000007,000001004         ,0,1531,0,-53,-53,2035,11,
서울74사6776        ,080515000025,700,28,0.00000,0.00000,0,3,0,19,23,1070,1.20,23.26,11,00000007,000001004         ,0,1531,0,-53,-53,2035,11,
서울74사6776        ,080515000026,680,28,0.00000,0.00000,0,3,0,19,22,1070,1.17,23.28,11,00000007,000001004         ,0,1531,0,-53,-53,2035,11,
서울74사6776        ,080515000027,680,28,0.00000,0.00000,0,3,0,19,22,1071,1.20,23.26,11,00000007,000001004         ,0,1531,0,-53,-53,2035,11,
서울74사6776        ,080515000028,700,28,0.00000,0.00000,0,3,0,19,23,1070,1.17,23.28,11,00000007,000001004         ,0,1531,0,-53,-53,2029,11,
서울74사6776        ,080515000029,680,28,0.00000,0.00000,0,3,0,19,23,1070,1.18,23.24,11,00000007,000001004         ,0,1531,0,-53,-53,2029,11,
서울74사6776        ,080515000030,680,28,0.00000,0.00000,0,3,0,19,23,1071,1.17,23.24,11,00000007,000001004         ,0,1531,0,-53,-53,2029,11,
서울74사6776        ,080515000031,700,28,0.00000,0.00000,0,3,0,19,23,1070,1.18,23.24,11,00000007,000001004         ,0,1531,0,-53,-53,2029,11,
서울74사6776        ,080515000032,680,28,0.00000,0.00000,0,3,0,19,23,1071,1.18,23.26,11,00000007,000001004         ,0,1531,0,-53,-53,2029,11,
서울74사6776        ,080515000033,700,28,0.00000,0.00000,0,3,0,19,22,1071,1.18,23.26,11,00000007,000001004         ,0,1531,0,-53,-53,2031,11,
서울74사6776        ,080515000034,680,28,0.00000,0.00000,0,3,0,19,23,1070,1.20,23.24,11,00000007,000001004         ,0,1531,0,-53,-53,2031,11,
서울74사6776        ,080515000035,680,28,0.00000,0.00000,0,3,0,19,23,1071,1.17,23.26,11,00000007,000001004         ,0,1531,0,-53,-53,2031,11,
서울74사6776        ,080515000036,700,28,0.00000,0.00000,0,3,0,19,23,1070,1.18,23.28,11,00000007,000001004         ,0,1531,0,-53,-53,2031,11,
서울74사6776        ,080515000037,680,28,0.00000,0.00000,0,3,0,19,22,1071,1.18,23.24,11,00000007,000001004         ,0,1531,0,-53,-53,2031,11,
서울74사6776        ,080515000038,680,28,0.00000,0.00000,0,3,0,19,23,1070,1.17,23.23,11,00000007,000001004         ,0,1531,0,-53,-53,2031,11,
서울74사6776        ,080515000039,700,28,0.00000,0.00000,0,3,0,19,22,1070,1.17,23.26,11,00000007,000001004         ,0,1531,0,-53,-53,2031,11,
서울74사6776        ,080515000040,680,28,0.00000,0.00000,0,3,0,19,23,1070,1.18,23.26,11,00000007,000001004         ,0,1531,0,-53,-53,2031,11,
서울74사6776        ,080515000041,700,28,0.00000,0.00000,0,3,0,19,22,1071,1.18,23.26,11,00000007,000001004         ,0,1531,0,-53,-53,2031,11,
서울74사6776        ,080515000042,680,28,0.00000,0.00000,0,3,0,19,23,1071,1.20,23.23,11,00000007,000001004         ,0,1531,0,-53,-53,2031,11,
서울74사6776        ,080515000043,680,28,0.00000,0.00000,0,3,0,19,23,1070,1.18,23.24,11,00000007,000001004         ,0,1531,0,-53,-53,2037,11,
서울74사6776        ,080515000044,700,28,0.00000,0.00000,0,3,0,19,23,1071,1.17,23.26,11,00000007,000001004         ,0,1531,0,-53,-53,2037,11,
서울74사6776        ,080515000004,700,28,0.00000,0.00000,0,3,0,19,23,1069,1.20,23.26,15,00000007,000001004         ,0,1531,0,-53,-53,0,32,0,
서울74사6776        ,080515000005,700,28,0.00000,0.00000,0,3,0,19,23,1069,1.20,23.26,15,00000007,000001004         ,0,1531,0,-53,-53,0,32,0,
서울74사6776        ,080515000006,680,28,0.00000,0.00000,0,3,0,19,23,1070,1.18,23.24,15,00000007,000001004         ,0,1531,0,-53,-53,0,32,0,
서울74사6776        ,080515000007,680,31,0.00000,0.00000,0,3,0,19,23,1070,1.18,23.26,15,00000007,000001004         ,0,1531,0,-53,-53,1993,32,0,
서울74사6776        ,080515000008,680,29,0.00000,0.00000,0,3,0,19,23,1069,1.17,23.24,15,00000007,000001004         ,0,1531,0,-53,-53,1993,32,0,
서울74사6776        ,080515000009,700,28,0.00000,0.00000,0,3,0,22,26,1071,1.18,23.26,15,00000007,000001004         ,0,1531,0,-50,-50,1993,32,0,
서울74사6776        ,080515000010,680,31,0.00000,0.00000,0,3,0,21,28,1069,1.18,23.24,15,00000007,000001004         ,0,1531,0,-51,-51,1993,32,0,
서울74사6776        ,080515000011,700,28,0.00000,0.00000,0,3,0,35,30,1068,1.20,23.23,15,00000007,000001004         ,0,1531,0,-37,-37,1993,32,0,
서울74사6776        ,080515000012,680,35,0.00000,0.00000,0,4,0,14,22,1068,1.17,23.24,15,00000007,000001004         ,0,1531,0,-58,-58,2026,32,0,
서울74사6776        ,080515000013,680,28,0.00000,0.00000,0,3,0,23,24,1070,1.18,23.26,15,00000007,000001004         ,0,1531,0,-49,-49,2026,32,0,
서울74사6776        ,080515000014,700,31,0.00000,0.00000,0,3,0,22,24,1070,1.18,23.23,15,00000007,000001004         ,0,1531,0,-50,-50,2026,32,0,
서울74사6776        ,080515000015,680,34,0.00000,0.00000,0,3,0,22,24,1069,1.20,23.24,15,00000007,000001004         ,0,1531,0,-50,-50,2026,32,0,
서울74사6776        ,080515000016,700,34,0.00000,0.00000,0,3,0,22,24,1069,1.18,23.28,15,00000007,000001004         ,0,1531,0,-50,-50,2026,32,0,
서울74사6776        ,080515000017,680,36,0.00000,0.00000,0,3,0,22,24,1069,1.20,23.26,15,00000007,000001004         ,0,1531,0,-50,-50,2026,32,0,
서울74사6776        ,080515000018,680,34,0.00000,0.00000,0,3,0,22,23,1069,1.20,23.26,15,00000007,000001004         ,0,1531,0,-50,-50,2042,32,0,
서울74사6776        ,080515000019,680,34,0.00000,0.00000,0,3,0,23,24,1069,1.20,23.28,15,00000007,000001004         ,0,1531,0,-49,-49,2042,32,0,
서울74사6776        ,080515000020,700,31,0.00000,0.00000,0,3,0,23,24,1069,1.18,23.26,15,00000007,000001004         ,0,1531,0,-49,-49,2042,32,0,
서울74사6776        ,080515000021,700,34,0.00000,0.00000,0,3,0,21,24,1069,1.17,23.28,15,00000007,000001004         ,0,1531,0,-51,-51,2042,11,0,
서울74사6776        ,080515000022,680,36,0.00000,0.00000,0,3,0,26,24,1069,1.17,23.26,15,00000007,000001004         ,0,1531,0,-46,-46,2042,11,0,
서울74사6776        ,080515000023,680,33,0.00000,0.00000,0,3,0,21,22,1069,1.15,23.26,15,00000007,000001004         ,0,1531,0,-51,-51,2036,11,0,
서울74사6776        ,080515000004,680,31,0.00000,0.00000,0,7,-1,-66,4,1098,1.17,23.28,16,00000007,000001004         ,0,1533,0,-138,-138,0,32,0,
서울74사6776        ,080515000005,680,31,0.00000,0.00000,0,4,0,-12,30,1047,1.18,23.24,16,00000007,000001004         ,0,1533,0,-84,-84,0,32,0,
서울74사6776        ,080515000006,700,31,0.00000,0.00000,0,2,0,42,23,1067,1.18,23.24,16,00000007,000001004         ,0,1533,0,-30,-30,0,32,0,
서울74사6776        ,080515000007,680,31,0.00000,0.00000,0,2,0,45,23,1069,1.17,23.26,16,00000007,000001004         ,0,1533,0,-27,-27,0,32,0,
서울74사6776        ,080515000008,700,31,0.00000,0.00000,0,2,0,46,24,1070,1.18,23.28,16,00000007,000001004         ,0,1533,0,-26,-26,0,32,0,
서울74사6776        ,080515000009,680,36,0.00000,0.00000,0,2,0,46,24,1069,1.20,23.23,16,00000007,000001004         ,0,1533,0,-26,-26,0,32,0,
서울74사6776        ,080515000010,680,37,0.00000,0.00000,0,2,0,46,24,1068,1.17,23.24,16,00000007,000001004         ,0,1533,0,-26,-26,0,32,0,
서울74사6776        ,080515000011,680,31,0.00000,0.00000,0,2,0,46,23,1069,1.20,23.23,16,00000007,000001004         ,0,1533,0,-26,-26,2034,32,0,
서울74사6776        ,080515000012,700,36,0.00000,0.00000,0,-17,7,382,143,990,1.18,23.24,16,00000007,000001004         ,0,1533,0,310,310,2034,32,0,
서울74사6776        ,080515000013,680,36,0.00000,0.00000,0,-13,6,318,140,1004,1.18,23.26,16,00000007,000001004         ,0,1533,0,246,246,2034,32,0,
서울74사6776        ,080515000014,700,33,0.00000,0.00000,0,-8,7,226,152,1040,1.18,23.23,16,00000007,000001004         ,0,1533,0,154,154,2034,32,0,
서울74사6776        ,080515000015,680,33,0.00000,0.00000,0,-10,6,261,132,1002,1.20,23.23,16,00000007,000001004         ,0,1533,0,189,189,2034,32,0,
서울74사6776        ,080515000016,700,39,0.00000,0.00000,0,2,1,41,48,1068,1.20,23.18,16,00000007,000001004         ,0,1533,0,-31,-31,2026,32,0,
서울74사6776        ,080515000017,700,37,0.00000,0.00000,0,2,0,45,24,1069,1.18,23.30,16,00000007,000001004         ,0,1533,0,-27,-27,2026,32,0,
서울74사6776        ,080515000018,680,39,0.00000,0.00000,0,2,0,45,24,1068,1.17,23.30,16,00000007,000001004         ,0,1533,0,-27,-27,2026,32,0,
서울74사6776        ,080515000019,700,37,0.00000,0.00000,0,2,0,45,24,1069,1.17,23.26,16,00000007,000001004         ,0,1533,0,-27,-27,2026,32,0,
서울74사6776        ,080515000020,680,35,0.00000,0.00000,0,2,0,45,24,1068,1.18,23.28,16,00000007,000001004         ,0,1533,0,-27,-27,2026,32,0,
서울74사6776        ,080515000021,680,34,0.00000,0.00000,0,2,0,45,24,1069,1.18,23.28,16,00000007,000001004         ,0,1533,0,-27,-27,2031,11,0,
서울74사6776        ,080515000022,700,38,0.00000,0.00000,0,2,0,46,24,1069,1.20,23.26,16,00000007,000001004         ,0,1533,0,-26,-26,2031,11,0,
서울74사6776        ,080515000023,680,36,0.00000,0.00000,0,2,0,42,21,1069,1.20,23.26,16,00000007,000001004         ,0,1533,0,-30,-30,2031,11,0,
서울74사6776        ,080515000024,700,34,0.00000,0.00000,0,2,0,45,24,1069,1.18,23.24,16,00000007,000001004         ,0,1533,0,-27,-27,2031,11,0,
서울74사6776        ,080515000025,680,39,0.00000,0.00000,0,2,0,45,24,1069,1.17,23.26,16,00000007,000001004         ,0,1533,0,-27,-27,2031,11,0,
서울74사6776        ,080515000026,680,39,0.00000,0.00000,0,2,0,46,25,1068,1.20,23.30,16,00000007,000001004         ,0,1533,0,-26,-26,2029,11,0,
서울74사6776        ,080515000027,680,33,0.00000,0.00000,0,2,0,45,24,1070,1.18,23.26,16,00000007,000001004         ,0,1533,0,-27,-27,2029,11,0,
서울74사6776        ,080515000028,700,40,0.00000,0.00000,0,2,0,45,24,1068,1.18,23.26,16,00000007,000001004         ,0,1533,0,-27,-27,2029,11,0,
서울74사6776        ,080515000029,680,33,0.00000,0.00000,0,2,0,45,24,1068,1.17,23.24,16,00000007,000001004         ,0,1533,0,-27,-27,2029,11,0,
서울74사6776        ,080515000030,700,40,0.00000,0.00000,0,2,0,45,24,1069,1.17,23.28,16,00000007,000001004         ,0,1533,0,-27,-27,2029,11,0,
서울74사6776        ,080515000031,680,39,0.00000,0.00000,0,2,0,45,24,1069,1.20,23.24,16,00000007,000001004         ,0,1533,0,-27,-27,2034,11,0,
서울74사6776        ,080515000032,680,36,0.00000,0.00000,0,2,0,46,24,1069,1.20,23.30,16,00000007,000001004         ,0,1533,0,-26,-26,2034,11,0,
서울74사6776        ,080515000033,700,30,0.00000,0.00000,0,2,0,45,24,1069,1.20,23.23,16,00000007,000001004         ,0,1534,0,-27,-27,2034,11,0,
경기71바            ,080515000004,700,46,0.00000,0.00000,0,2,0,45,24,1068,1.20,23.24,17,00200C86,000001004         ,0,1525,0,-27,-27,2623,0,32,
경기71바            ,080515000005,680,47,0.00000,0.00000,0,2,0,45,24,1068,1.20,23.24,17,00200C87,000001004         ,0,1525,0,-27,-27,2639,0,32,
경기71바            ,080515000006,700,46,0.00000,0.00000,0,2,0,45,24,1068,1.18,23.23,17,00200C87,000001004         ,0,1525,0,-27,-27,2623,0,32,
경기71바            ,080515000007,680,46,0.00000,0.00000,0,2,0,45,24,1068,1.20,23.28,17,00200C87,000001004         ,0,1525,0,-27,-27,2639,1989,32,
경기71바            ,080515000008,680,47,0.00000,0.00000,0,2,0,45,24,1069,1.20,23.23,17,00200C87,000001004         ,0,1525,0,-27,-27,2656,1989,32,
경기71바            ,080515000009,680,46,0.00000,0.00000,0,2,0,45,24,1068,1.22,23.30,17,00200C87,000001004         ,0,1525,0,-27,-27,2623,1989,32,
경기71바            ,080515000010,700,46,0.00000,0.00000,0,2,0,45,24,1068,1.17,23.23,17,00200C87,000001004         ,0,1525,0,-27,-27,2673,1989,32,
경기71바            ,080515000011,680,46,0.00000,0.00000,0,2,0,45,24,1068,1.17,23.24,17,00200C87,000001004         ,0,1525,0,-27,-27,2623,1989,32,
경기71바            ,080515000012,700,43,0.00000,0.00000,0,2,0,45,24,1069,1.18,23.26,17,00200C87,000001004         ,0,1525,0,-27,-27,2656,1989,32,
경기71바            ,080515000013,680,47,0.00000,0.00000,0,2,0,45,24,1068,1.17,23.21,17,00200C87,000001004         ,0,1525,0,-27,-27,2623,2034,32,
경기71바            ,080515000014,680,46,0.00000,0.00000,0,2,0,45,24,1068,1.17,23.23,17,00200C87,000001004         ,0,1525,0,-27,-27,2606,2034,32,
경기71바            ,080515000015,700,46,0.00000,0.00000,0,2,0,45,24,1068,1.15,23.24,17,00200C87,000001004         ,0,1525,0,-27,-27,2606,2034,32,
경기71바            ,080515000016,680,43,0.00000,0.00000,0,2,0,45,24,1068,1.15,23.26,17,00200C87,000001004         ,0,1525,0,-27,-27,2656,2034,32,
경기71바            ,080515000017,700,46,0.00000,0.00000,0,2,0,45,24,1069,1.18,23.26,17,00200C87,000001004         ,0,1525,0,-27,-27,2639,2034,32,
경기71바            ,080515000018,680,46,0.00000,0.00000,0,2,0,45,24,1068,1.22,23.26,17,00200C87,000001004         ,0,1525,0,-27,-27,2656,2034,32,
경기71바            ,080515000019,680,43,0.00000,0.00000,0,2,0,45,24,1069,1.17,23.28,17,00200C87,000001004         ,0,1525,0,-27,-27,2639,2034,32,
경기71바            ,080515000020,700,43,0.00000,0.00000,0,2,0,45,24,1069,1.18,23.30,17,00200C87,000001004         ,0,1525,0,-27,-27,2656,2034,32,
경기71바            ,080515000021,680,46,0.00000,0.00000,0,2,0,45,24,1068,1.18,23.28,17,00200C87,000001004         ,0,1525,0,-27,-27,2623,2034,11,
서울74사6776        ,080515000022,700,36,0.00000,0.00000,0,2,0,45,24,1069,1.17,23.26,17,00000C87,000001004         ,0,1522,0,-27,-27,2639,2034,11,
서울74사6776        ,080515000023,680,40,0.00000,0.00000,0,2,0,45,24,1069,1.20,23.28,0,00000C87,000001004         ,0,1522,0,-27,-27,2623,2029,11,
서울74사6776        ,080515000024,680,39,0.00000,0.00000,0,2,0,45,24,1069,1.18,23.28,0,00000C87,000001004         ,0,1522,0,-27,-27,2623,2029,11,
서울74사6776        ,080515000025,680,33,0.00000,0.00000,0,2,0,45,24,1069,1.20,23.24,0,00000C87,000001004         ,0,1522,0,-27,-27,2623,2029,11,
서울74사6776        ,080515000026,700,40,0.00000,0.00000,0,2,0,45,24,1068,1.18,23.28,0,00000C87,000001004         ,0,1522,0,-27,-27,2639,2029,11,
서울74사6776        ,080515000027,680,39,0.00000,0.00000,0,2,0,46,24,1069,1.20,23.28,0,00000C87,000001004         ,0,1522,0,-26,-26,2639,2029,11,
서울74사6776        ,080515000028,700,36,0.00000,0.00000,0,2,0,45,24,1069,1.22,23.28,0,00000C87,000001004         ,0,1522,0,-27,-27,2656,2025,11,
서울74사6776        ,080515000029,680,39,0.00000,0.00000,0,2,0,45,24,1068,1.20,23.28,0,00000C87,000001004         ,0,1522,0,-27,-27,2623,2025,11,
서울74사6776        ,080515000030,680,39,0.00000,0.00000,0,2,0,46,24,1068,1.22,23.26,0,00000C87,000001004         ,0,1522,0,-26,-26,2673,2025,11,
서울74사6776        ,080515000031,700,37,0.00000,0.00000,0,2,0,45,24,1068,1.17,23.26,0,00000C87,000001004         ,0,1522,0,-27,-27,2639,2025,11,
서울74사6776        ,080515000032,680,39,0.00000,0.00000,0,2,0,45,24,1068,1.17,23.30,0,00000C87,000001004         ,0,1522,0,-27,-27,2639,2025,11,
서울74사6776        ,080515000033,700,36,0.00000,0.00000,0,2,0,45,24,1067,1.20,23.26,0,00000C87,000001004         ,0,1522,0,-27,-27,2623,2032,11,
서울74사6776        ,080515000034,680,40,0.00000,0.00000,0,2,0,44,24,1068,1.18,23.30,0,00000C87,000001004         ,0,1522,0,-28,-28,2639,2032,11,
서울74사6776        ,080515000035,680,40,0.00000,0.00000,0,2,0,45,24,1068,1.17,23.26,0,00000C87,000001004         ,0,1522,0,-27,-27,2639,2032,11,
서울74사6776        ,080515000036,700,39,0.00000,0.00000,0,2,0,45,24,1068,1.18,23.28,0,00000C87,000001004         ,0,1522,0,-27,-27,2623,2032,11,
서울74사6776        ,080515000037,680,39,0.00000,0.00000,0,2,0,45,24,1068,1.20,23.30,0,00000C87,000001004         ,0,1522,0,-27,-27,2606,2032,11,
서울74사6776        ,080515000038,700,40,0.00000,0.00000,0,2,0,46,24,1068,1.20,23.28,0,00000C87,000001004         ,0,1522,0,-26,-26,2639,2031,11,
서울74사6776        ,080515000039,680,39,0.00000,0.00000,0,2,0,45,25,1068,1.17,23.26,0,00000C87,000001004         ,0,1522,0,-27,-27,2623,2031,11,
서울74사6776        ,080515000040,680,40,0.00000,0.00000,0,2,0,45,24,1067,1.20,23.30,0,00000C87,000001004         ,0,1522,0,-27,-27,2656,2031,11,
서울74사6776        ,080515000041,680,40,0.00000,0.00000,0,2,0,45,24,1068,1.18,23.26,0,00000C87,000001004         ,0,1522,0,-27,-27,2606,2031,11,
서울74사6776        ,080515000042,700,39,0.00000,0.00000,0,2,0,45,24,1068,1.15,23.26,0,00000C87,000001004         ,0,1522,0,-27,-27,2606,2031,11,
서울74사6776        ,080515000043,680,39,0.00000,0.00000,0,2,0,45,24,1068,1.17,23.28,0,00000C87,000001004         ,0,1522,0,-27,-27,2623,2030,11,
서울74사6776        ,080515000044,700,36,0.00000,0.00000,0,2,0,45,24,1068,1.20,23.30,0,00000C87,000001004         ,0,1522,0,-27,-27,2656,2030,11,
서울74사6776        ,080515000045,680,40,0.00000,0.00000,0,2,0,45,24,1067,1.18,23.30,0,00000C87,000001004         ,0,1522,0,-27,-27,2656,2030,11,
서울74사6776        ,080515000046,680,39,0.00000,0.00000,0,2,0,45,24,1069,1.22,23.28,0,00000C87,000001004         ,0,1522,0,-27,-27,2639,2030,11,
서울74사6776        ,080515000047,680,39,0.00000,0.00000,0,2,0,45,24,1068,1.20,23.26,0,00000C87,000001004         ,0,1522,0,-27,-27,2623,2030,11,
서울74사6776        ,080515000048,700,33,0.00000,0.00000,0,2,0,45,24,1068,1.18,23.26,0,00000C87,000001004         ,0,1522,0,-27,-27,2656,2032,11,
서울74사6776        ,080515000049,700,39,0.00000,0.00000,0,2,0,45,24,1068,1.20,23.26,0,00000C87,000001004         ,0,1522,0,-27,-27,2623,2032,11,
서울74사6776        ,080515000050,680,39,0.00000,0.00000,0,2,0,45,24,1068,1.18,23.28,0,00000C87,000001004         ,0,1522,0,-27,-27,2639,2032,11,
서울74사6776        ,080515000051,680,39,0.00000,0.00000,0,2,0,45,24,1068,1.18,23.28,0,00000C87,000001004         ,0,1522,0,-27,-27,2656,2032,11,
서울74사6776        ,080515000052,700,40,0.00000,0.00000,0,2,0,45,24,1068,1.18,23.31,0,00000C87,000001004         ,0,1522,0,-27,-27,2639,2032,11,
서울74사6776        ,080515000053,680,39,0.00000,0.00000,0,2,0,45,24,1068,1.15,23.28,0,00000C87,000001004         ,0,1522,0,-27,-27,2656,2030,11,
서울74사6776        ,080515000054,700,39,0.00000,0.00000,0,2,0,45,24,1069,1.18,23.26,0,00000C87,000001004         ,0,1522,0,-27,-27,2639,2030,11,
서울74사6776        ,080515000055,680,40,0.00000,0.00000,0,2,0,45,24,1068,1.20,23.28,0,00000C87,000001004         ,0,1522,0,-27,-27,2606,2030,11,
서울74사6776        ,080515000056,680,40,0.00000,0.00000,0,2,0,45,24,1068,1.18,23.28,0,00000C87,000001004         ,0,1522,0,-27,-27,2606,2030,11,
서울74사6776        ,080515000057,680,39,0.00000,0.00000,0,2,0,45,24,1068,1.17,23.30,0,00000C87,000001004         ,0,1522,0,-27,-27,2639,2030,11,
서울74사6776        ,080515000058,680,38,0.00000,0.00000,0,2,0,46,25,1068,1.20,23.28,0,00000C87,000001004         ,0,1522,0,-26,-26,2639,2036,11,
서울74사6776        ,080515000059,700,36,0.00000,0.00000,0,2,0,45,24,1068,1.18,23.28,0,00000C87,000001004         ,0,1522,0,-27,-27,2639,2036,11,
서울74사6776        ,080515000100,680,40,0.00000,0.00000,0,2,0,45,24,1068,1.17,23.28,0,00000C87,000001004         ,0,1522,0,-27,-27,2656,2036,11,
서울74사6776        ,080515000101,700,36,0.00000,0.00000,0,2,0,45,24,1068,1.17,23.28,0,00000C87,000001004         ,0,1522,0,-27,-27,2639,2036,11,
서울74사6776        ,080515000102,680,40,0.00000,0.00000,0,2,0,45,24,1067,1.22,23.28,0,00000C87,000001004         ,0,1522,0,-27,-27,2589,2036,11,
서울74사6776        ,080515000103,680,39,0.00000,0.00000,0,2,0,45,25,1067,1.15,23.26,0,00000C87,000001004         ,0,1522,0,-27,-27,2606,2022,11,
서울74사6776        ,080515000104,700,39,0.00000,0.00000,0,2,0,42,23,1069,1.18,23.28,0,00000C87,000001004         ,0,1522,0,-30,-30,2606,2022,11,
서울74사6776        ,080515000105,680,39,0.00000,0.00000,0,2,0,44,23,1074,1.17,23.30,0,00000C87,000001004         ,0,1522,0,-28,-28,2656,2022,11,
서울74사6776        ,080515000106,700,40,0.00000,0.00000,0,2,0,46,24,1068,1.17,23.30,0,00000C87,000001004         ,0,1522,0,-26,-26,2639,2022,11,
서울74사6776        ,080515000107,680,39,0.00000,0.00000,0,2,0,46,25,1068,1.18,23.26,0,00000C87,000001004         ,0,1522,0,-26,-26,2606,2022,11,
서울74사6776        ,080515000108,680,39,0.00000,0.00000,0,0,-1,85,12,1066,1.20,23.26,0,00000C87,000001004         ,0,1522,0,13,13,2623,2028,11,
서울74사6776        ,080515000109,700,40,0.00000,0.00000,0,-1,-1,106,8,1065,1.18,23.28,0,00000C87,000001004         ,0,1522,0,34,34,2623,2028,11,
서울74사6776        ,080515000004,800,0,12688.06008,3747.00040,0,7,-1,-60,2,1066,3.89,23.24,1,00000C87,000001004         ,0,1522,0,-132,-132,4924,0,32,
서울74사6776        ,080515000005,800,0,12688.05775,3746.09995,0,7,1,-57,48,1067,3.89,23.26,1,00000C87,000001004         ,0,1522,0,-129,-129,4907,0,32,
서울74사6776        ,080515000006,800,0,12688.05773,3746.09993,0,7,-1,-60,6,1065,3.89,23.28,1,00000C86,000001004         ,0,1522,0,-132,-132,4924,0,32,
