경기71바            ,08051501401500,934,38,000.00000,000.00000,0,-1,2,18,38,1022,1.24,23.21,14,00000C86,000000000,0,1546,64,104,0,2504,0,0
경기71바            ,08051501401600,938,38,000.00000,000.00000,0,0,2,13,36,1017,1.27,23.19,14,00000C86,000000000,0,1546,64,142,0,2504,0,0
경기71바            ,08051501401700,938,38,000.00000,000.00000,0,0,2,12,38,1021,1.22,23.16,14,00000C86,000000000,0,1546,64,178,0,2555,1,0
경기71바            ,08051501401800,938,38,000.00000,000.00000,0,0,2,14,36,1018,1.25,23.16,14,00000C86,000000000,0,1546,64,148,0,2521,1,0
경기71바            ,08051501401900,938,38,000.00000,000.00000,0,0,2,13,38,1016,1.27,23.16,14,00000C86,000000000,0,1546,64,61,0,2487,1,0
경기71바            ,08051501402700,938,38,000.00000,000.00000,0,0,2,13,37,1021,1.25,23.23,14,00000C86,000000000,0,1546,64,20,0,2538,0,0
경기71바            ,08051501402800,938,38,000.00000,000.00000,0,0,2,13,37,1019,1.25,23.21,14,00000C86,000000000,0,1546,64,122,0,2521,0,0
경기71바            ,08051501402900,938,38,000.00000,000.00000,0,0,1,13,35,1020,1.24,23.23,14,00000C86,000000000,0,1546,64,95,0,2521,0,0
경기71바            ,08051501403000,938,38,000.00000,000.00000,0,0,1,13,35,1030,1.24,23.21,14,00000C86,000000000,0,1546,64,217,0,2487,0,0
경기71바            ,08051501403100,938,38,000.00000,000.00000,0,0,2,13,36,1022,1.24,23.18,14,00000C86,000000000,0,1546,64,43,0,2504,0,0
경기71바            ,08051501403200,938,38,000.00000,000.00000,0,0,2,13,36,1021,1.25,23.19,14,00000C86,000000000,0,1546,64,113,0,2487,1,0
경기71바            ,08051501403300,938,38,000.00000,000.00000,0,0,2,13,36,1022,1.25,23.14,14,00000C86,000000000,0,1546,64,89,0,2555,1,0
경기71바            ,08051501403400,938,38,000.00000,000.00000,0,0,2,13,36,1021,1.25,23.18,14,00000C86,000000000,0,1546,64,97,0,2470,1,0
경기71바            ,08051501403500,938,38,000.00000,000.00000,0,0,2,13,36,1020,1.24,23.18,14,00000C86,000000000,0,1546,64,28,0,2538,1,0
경기71바            ,08051501403600,938,38,000.00000,000.00000,0,0,2,13,36,1021,1.24,23.18,14,00000C86,000000000,0,1546,64,46,0,2521,1,0
경기71바            ,08051501403700,938,38,000.00000,000.00000,0,0,1,13,35,1021,1.25,23.19,14,00000C86,000000000,0,1546,64,23,0,2538,1,0
경기71바            ,08051501403800,934,38,000.00000,000.00000,0,0,2,14,37,1025,1.25,23.18,14,00000C86,000000000,0,1546,64,25,0,2521,1,0
경기71바            ,08051501403900,938,38,000.00000,000.00000,0,0,2,13,36,1021,1.24,23.18,14,00000C86,000000000,0,1546,64,231,0,2538,1,0
경기71바            ,08051501404000,938,38,000.00000,000.00000,0,0,1,13,35,1020,1.27,23.21,14,00000C86,000000000,0,1546,64,146,0,2504,1,0
경기71바            ,08051501404100,938,38,000.00000,000.00000,0,0,1,13,35,1021,1.24,23.18,14,00000C86,000000000,0,1546,64,227,0,2504,1,0
경기71바            ,08051501404200,938,38,000.00000,000.00000,0,0,1,13,35,1021,1.25,23.18,14,00000C86,000000000,0,1546,64,220,0,2538,2,0
경기71바            ,08051501404300,938,38,000.00000,000.00000,0,0,1,13,35,1020,1.24,23.16,14,00000C86,000000000,0,1546,64,240,0,2538,2,0
경기71바            ,08051501404400,938,38,000.00000,000.00000,0,0,1,13,35,1021,1.27,23.19,14,00000C86,000000000,0,1546,64,227,0,2555,2,0
경기71바            ,08051501404500,938,38,000.00000,000.00000,0,0,1,13,35,1020,1.27,23.21,14,00000C86,000000000,0,1546,64,94,0,2521,2,0
경기71바            ,08051501404600,938,38,000.00000,000.00000,0,0,1,13,35,1021,1.25,23.18,14,00000C86,000000000,0,1546,64,105,0,2521,2,0
경기71바            ,08051501404700,938,38,000.00000,000.00000,0,0,2,13,36,1020,1.29,23.16,14,00000C86,000000000,0,1546,64,136,0,2538,4,0
경기71바            ,08051501404800,938,38,000.00000,000.00000,0,0,2,13,36,1020,1.27,23.18,14,00000C86,000000000,0,1546,64,206,0,2504,4,0
경기71바            ,08051501404900,938,38,000.00000,000.00000,0,0,2,13,36,1020,1.20,23.18,14,00000C86,000000000,0,1546,64,112,0,2521,4,0
경기71바            ,08051501405000,938,38,000.00000,000.00000,0,0,1,13,35,1021,1.25,23.19,14,00000C86,000000000,0,1546,64,33,0,2504,4,0
경기71바            ,08051501405100,938,38,000.00000,000.00000,0,0,2,13,36,1021,1.24,23.18,14,00000C86,000000000,0,1546,64,37,0,2521,4,0
경기71바            ,08051501405200,938,38,000.00000,000.00000,0,0,2,13,36,1021,1.25,23.18,14,00000C86,000000000,0,1546,64,63,0,2521,1,0
경기71바            ,08051501405300,938,38,000.00000,000.00000,0,0,2,12,36,1022,1.22,23.21,14,00000C86,000000000,0,1546,64,54,0,2504,1,0
경기71바            ,08051501405400,938,38,000.00000,000.00000,0,0,2,13,36,1020,1.25,23.18,14,00000C86,000000000,0,1546,64,8,0,2521,1,0
경기71바            ,08051501405500,938,38,000.00000,000.00000,0,0,2,13,36,1021,1.27,23.18,14,00000C86,000000000,0,1546,64,3,0,2504,1,0
경기71바            ,08051501405600,938,38,000.00000,000.00000,0,0,1,13,35,1021,1.25,23.18,14,00000C86,000000000,0,1546,64,14,0,2521,1,0
경기71바            ,08051501405700,938,38,000.00000,000.00000,0,0,1,13,35,1021,1.22,23.18,14,00000C86,000000000,0,1546,64,46,0,2521,2,0
경기71바            ,08051501405800,934,38,000.00000,000.00000,0,0,2,13,36,1021,1.29,23.16,14,00000C86,000000000,0,1546,64,190,0,2521,2,0
경기71바            ,08051501405900,934,38,000.00000,000.00000,0,0,2,13,36,1019,1.24,23.18,14,00000C86,000000000,0,1546,64,28,0,2538,2,0
경기71바            ,08051501410000,938,38,000.00000,000.00000,0,0,1,13,35,1021,1.24,23.18,14,00000C86,000000000,0,1546,64,124,0,2555,2,0
경기71바            ,08051501410100,934,38,000.00000,000.00000,0,0,2,13,36,1021,1.22,23.18,14,00000C86,000000000,0,1546,64,87,0,2555,2,0
경기71바            ,08051501410200,938,38,000.00000,000.00000,0,0,1,13,35,1020,1.22,23.19,14,00000C86,000000000,0,1546,64,149,0,2521,4,0
경기71바            ,08051501410300,938,38,000.00000,000.00000,0,0,1,13,35,1020,1.29,23.18,14,00000C86,000000000,0,1546,64,77,0,2470,4,0
경기71바            ,08051501410400,934,38,000.00000,000.00000,0,0,1,13,35,1020,1.24,23.19,14,00000C86,000000000,0,1546,64,80,0,2521,4,0
경기71바            ,08051501410500,938,38,000.00000,000.00000,0,0,1,13,35,1020,1.25,23.19,14,00000C86,000000000,0,1546,64,102,0,2504,4,0
